# BeamDyn with 6x6 matrices. Calculated by Evan june 18. Model version unknown.
   0.490019879401043
   0.518755214326667
   0.541437583443842
   0.623375352819588
   0.625716844307155
   0.641219390260298
   1.582633884742864
   1.606214538994706
   1.620270162804392
   1.954130110685213
   1.963600327954791
   1.974431868335470
   3.495616846290274
   3.509767274697683
   3.511759615256584
   4.386368161630851
   4.407984803531331
   4.414124247756042
   4.666436553468648
   4.692880481204222
   4.723487905974721
   5.304283889950166
   5.304990949306348
   5.311143283219910
   5.311414494977553
   5.313220439001083
   5.316139126690071
   5.318310294274274
   5.324374788243886
   5.328650997469338
   7.963094346345255
   7.977417998605653
   7.985907481254523
   8.479862844419571
   8.507111637324050
   8.509289740493692
   9.412785067694577
   9.497097628152245
   9.605394061218851
